[0 0 0 0 0 0 0 0 0 0 0 0 0 0 0 0 0 0 0 0 0 0 0 0 0 0 0 0 0 0 0 0 0 0 0 0 0
 0 0 0 0 0 0 0 0 0]
[0 0 0 0 0 0 0 0 0 0 0 0 0 0 0 0 0 0 0 0 0 0 0 0 0 0 0 0 0 0 0 0 0 0 0 0 0
 0 0 0 0 0 0 0 0 0]
[ 0  0  0  0  0  0  0  0  0  4  0  0  0  0  3  0  0  0 28  0  0  4  0  4
  0  0 43  0  0  0  0  0  2  0  0  0  0  0  0  0  0  0  0  0  0  0]
[0 0 0 0 0 0 0 0 0 1 0 0 0 0 0 0 0 0 1 0 0 0 0 0 0 0 2 0 0 0 0 0 0 0 0 0 0
 0 0 0 0 0 0 0 0 0]
[0 0 0 0 0 0 0 0 0 0 0 0 0 0 0 0 0 0 4 0 0 0 0 0 0 0 4 0 0 0 0 0 0 0 0 0 0
 0 0 0 0 0 0 0 0 0]
[ 0  0  0  0  0  0  0  0  0  0  0  0  0  0  0  0  0  0  3  0  0  0  0  0
  0  0 10  0  0  0  0  0  0  0  0  0  0  0  0  0  0  0  0  0  0  0]
[  0   0   0   0   0   0  65  29   0  46   0   0   0   0   0   0   0   0
 407   0   0  90   0  11   0   0 507   0   0   0   0   0   8   0   0   0
   2   0   0   2   0   0   0  16   0   0]
[  0   0   0   0   0   0   9 121   0  21   0   0   0   0   0   0   0   0
  95   0   0  29   0   0   0   0 166   0   0   0   0   0   0   0   0   0
   0   0   0   0   0   0   0   0   0   0]
[0 0 0 0 0 0 0 1 0 0 0 0 0 0 0 0 0 0 7 0 0 0 0 0 0 0 9 0 0 0 0 0 0 0 0 0 0
 0 0 0 0 0 0 0 0 0]
[  0   0   0   0   0   0  10  22   0 279   0   0   0   0   0   0   0   0
  72   0   0   9   0   0   0   0  66   0   0   0   0   0  15   0   0   0
   2   0   0   1   0   0   0   3   0   0]
[ 0  0  0  0  0  0  0  0  0 43  0  0  0  0  0  0  0  0  0  0  0  0  0  0
  0  0  0  0  0  0  0  0  0  0  0  0  1  0  0  0  0  0  0  0  0  0]
[0 0 0 0 0 0 0 0 0 0 0 0 0 0 0 0 0 0 0 0 0 0 0 0 0 0 0 0 0 0 0 0 0 0 0 0 0
 0 0 0 0 0 0 0 0 0]
[0 0 0 0 0 0 0 0 0 0 0 0 0 0 0 0 0 0 0 0 0 0 0 0 0 0 5 0 0 0 0 0 0 0 0 0 0
 0 0 0 0 0 0 0 0 0]
[0 0 0 0 0 0 0 0 0 0 0 0 0 0 0 0 0 0 0 0 0 0 0 0 0 0 0 0 0 0 0 0 0 0 0 0 0
 0 0 0 0 0 0 0 0 0]
[ 0  0  0  0  0  0  0  0  0  0  0  0  0  0  0  0  0  0  5  0  0  0  0  0
  0  0 16  0  0  0  0  0  0  0  0  0  0  0  0  1  0  0  0  0  0  0]
[0 0 0 0 0 0 0 0 0 0 0 0 0 0 0 0 0 0 1 0 0 0 0 0 0 0 0 0 0 0 0 0 0 0 0 0 0
 0 0 0 0 0 0 0 0 0]
[0 0 0 0 0 0 0 0 0 0 0 0 0 0 0 0 0 0 0 0 0 0 0 0 0 0 0 0 0 0 0 0 0 0 0 0 0
 0 0 0 0 0 0 0 0 0]
[0 0 0 0 0 0 0 0 0 0 0 0 0 0 0 0 0 0 2 0 0 0 0 0 0 0 0 0 0 0 0 0 0 0 0 0 0
 0 0 0 0 0 0 0 0 0]
[   0    0    0    0    0    0   19   55    0   99    0    0    0    0
   13    0    0    0 1869    0    0  148    0   15    0    3  693    0
    0    0    0    0   22    0    0    0    4    0    0   20    0    0
    0   20    0    0]
[ 0  0  0  0  0  0  0  0  0  0  0  0  0  0  0  0  0  0 42  0  0 44  0  0
  0  0 35  0  0  0  0  0  0  0  0  0  0  0  0  0  0  0  0  3  0  0]
[0 0 0 0 0 0 0 0 0 0 0 0 0 0 0 0 0 0 0 0 0 0 0 0 0 0 0 0 0 0 0 0 0 0 0 0 0
 0 0 0 0 0 0 0 0 0]
[  0   0   0   0   0   0   6  37   0  20   0   0   0   0   1   0   0   0
 268   0   0 384   0   0   0   0 319   0   0   0   0   0   2   0   0   0
   0   0   0   2   0   0   0   2   1   0]
[0 0 0 0 0 0 0 0 0 0 0 0 0 0 0 0 0 0 0 0 0 0 0 0 0 0 0 0 0 0 0 0 0 0 0 0 0
 0 0 0 0 0 0 0 0 0]
[ 0  0  0  0  0  0  1  1  0  8  0  0  0  0  0  0  0  0 24  0  0  9  0  4
  0  0 22  0  0  0  0  0  1  0  0  0  1  0  1  0  0  0  0  1  0  0]
[0 0 0 0 0 0 0 0 0 0 0 0 0 0 0 0 0 0 0 0 0 0 0 0 0 0 0 0 0 0 0 0 0 0 0 0 0
 0 0 0 0 0 0 0 0 0]
[ 0  0  0  0  0  0  0  0  0  0  0  0  0  0  0  0  0  0 21  0  0  5  0  1
  0  4  6  0  0  0  0  0  0  0  0  0  0  0  0  7  0  0  0  1  0  0]
[   0    0    0    0    0    0   25   43    0  111    0    0    0    0
   18    0    0    0  685    0    0  210    0    9    0    5 2835    0
    0    0    0    0   27    0    0    0   16    0    0   39    0    0
    0   23    0    0]
[0 0 0 0 0 0 0 0 0 1 0 0 0 0 0 0 0 0 0 0 0 2 0 0 0 0 1 0 0 0 0 0 0 0 0 0 1
 0 0 1 0 0 0 0 0 0]
[0 0 0 0 0 0 0 0 0 0 0 0 0 0 0 0 0 0 2 0 0 0 0 0 0 0 9 0 0 0 0 0 1 0 0 0 0
 0 0 0 0 0 0 0 0 0]
[0 0 0 0 0 0 0 0 0 0 0 0 0 0 0 0 0 0 1 0 0 0 0 0 0 0 0 0 0 0 0 0 1 0 0 0 0
 0 0 0 0 0 0 0 0 0]
[0 0 0 0 0 0 0 0 0 0 0 0 0 0 0 0 0 0 0 0 0 0 0 0 0 0 0 0 0 0 0 0 0 0 0 0 0
 0 0 0 0 0 0 0 0 0]
[0 0 0 0 0 0 0 0 0 0 0 0 0 0 0 0 0 0 0 0 0 0 0 0 0 0 0 0 0 0 0 0 0 0 0 0 0
 0 0 0 0 0 0 0 0 0]
[  0   0   0   0   0   0   0   0   0   2   0   0   0   0   0   0   0   0
  31   0   0   0   0   0   0   0  32   0   0   0   0   0 396   0   0   0
   0   0   0   0   0   0   0   7   0   0]
[0 0 0 0 0 0 0 0 0 1 0 0 0 0 0 0 0 0 0 0 0 0 0 0 0 0 0 0 0 0 0 0 0 0 0 0 0
 0 0 0 0 0 0 1 0 0]
[0 0 0 0 0 0 0 0 0 0 0 0 0 0 0 0 0 0 0 0 0 0 0 0 0 0 0 0 0 0 0 0 0 0 0 0 0
 0 0 0 0 0 0 0 0 0]
[0 0 0 0 0 0 0 0 0 0 0 0 0 0 0 0 0 0 0 0 0 0 0 0 0 0 2 0 0 0 0 0 0 0 0 0 0
 0 0 0 0 0 0 0 0 0]
[  0   0   0   0   0   0   1   0   0  38   0   0   0   0   0   0   0   0
 222   0   0  21   0   0   0   0  29   0   0   0   0   0  35   0   0   0
 275   0   0   3   0   0   0   0   2   0]
[0 0 0 0 0 0 0 0 0 0 0 0 0 0 0 0 0 0 0 0 0 0 0 0 0 0 0 0 0 0 0 0 0 0 0 0 0
 0 0 0 0 0 0 0 0 0]
[0 0 0 0 0 0 0 0 0 0 0 0 0 0 0 0 0 0 0 0 0 0 0 0 0 0 0 0 0 0 0 0 0 0 0 0 0
 0 0 0 0 0 0 0 0 0]
[  0   0   0   0   0   0   0   0   0   7   0   0   0   0   0   0   0   0
 122   0   0   2   0   0   0   0  89   0   0   0   0   0   0   0   0   0
   0   0   0  51   0   0   0   1   0   0]
[0 0 0 0 0 0 0 0 0 0 0 0 0 0 0 0 0 0 0 0 0 0 0 0 0 0 0 0 0 0 0 0 0 0 0 0 0
 0 0 0 0 0 0 0 0 0]
[ 0  0  0  0  0  0  0  0  0  0  0  0  0  0  0  0  0  0  1  0  0  0  0  0
  0  0 11  0  0  0  0  0  1  0  0  0  0  0  0  0  0  0  0  1  0  0]
[0 0 0 0 0 0 0 0 0 0 0 0 0 0 0 0 0 0 0 0 0 0 0 0 0 0 0 0 0 0 0 0 0 0 0 0 0
 0 0 0 0 0 0 0 0 0]
[ 0  0  0  0  0  0  1  0  0  0  0  0  0  0  0  0  0  0  9  0  0  1  0  0
  0  0 30  0  0  0  0  0  0  0  0  0  0  0  0  0  0  0  0 71  0  0]
[0 0 0 0 0 0 0 0 0 0 0 0 0 0 0 0 0 0 0 0 0 0 0 0 0 0 0 0 0 0 0 0 0 0 0 0 2
 0 0 0 0 0 0 0 0 0]
[ 0  0  0  0  0  0  0  0  0  0  0  0  0  0  0  0  0  0  5  0  0 47  0  0
  0  0  1  0  0  0  0  0  0  0  0  0  0  0  0  0  0  0  0  0  0  0]
