[0 0 0 0 0 0 0 0 0 0 0 0 0 0 0 0 0 0 0 0 0 0 0 0 0 0 0 0]
[0  0  0  0  0  0  0  0  0  0  0  1  0  0  0  0  0  0  0 26  0  0  0  0 0  2  0  0]
[0  0  0  0  0  0  0  0  0  0  0  0  0  0  0  0  0  0 10  0  0  0  0  0 0  0  0  0]
[0   0   0  48   0   0   0   2   0   0   0  13   0   0   0   0   0   1 0 178   0   0   0   0   0   0   1   0]
[0 0 0 0 0 0 0 0 0 0 0 0 0 0 0 0 0 0 1 0 0 0 0 0 0 0 0 0]
[0 0 0 0 0 0 0 0 0 0 0 0 0 0 0 0 0 0 1 0 0 0 0 0 0 0 0 0]
[0 0 0 0 0 0 0 0 0 0 0 0 0 0 0 0 0 0 0 0 0 0 0 0 0 1 0 0]
[0 0 0 1 0 0 0 0 7 0 0 4 0 0 0 0 0 0 0 0 0 0 0 0 0 0 0 0]
[0  0  0  0  0  0  0  0 44  0  0  0  0  0  0  0  0  0  0  2  0  0  0  0 0 11  0  0]
[0 0 0 0 0 0 0 0 0 0 0 0 0 0 0 0 1 9 0 0 0 0 0 0 0 0 0 0]
[0 0 0 0 0 0 0 0 0 0 0 0 0 0 0 0 0 0 0 0 0 0 0 0 0 0 0 0]
[0  0  0  9  0  0  0  0  1  0  0 61  0  0  0  0  0  1  0 71  0  0  0  0 0  0  5  0]
[0   0   0   0   0   0   0   0   0   0   0   0   0   0   0   0   0   0 0 135   0   0   0   0   0   0   0   0]
[0  0  0  0  0  0  0  0  0  0  0  0  0  0  0  0  0  0  0 39  0  0  0  0 0  0  0  0]
[0 0 0 0 0 0 0 0 0 0 0 0 0 0 0 0 0 0 0 0 0 0 0 0 0 0 0 0]
[0 0 0 0 0 0 0 0 0 0 0 0 0 0 0 0 0 0 0 0 0 0 0 0 0 0 0 0]
[0 0 0 0 0 0 0 0 0 0 0 0 0 0 0 0 4 9 1 0 0 0 0 0 0 0 0 0]
[0   0   0   0   0   0   0   0   0   0   0   0   0   0   0   0   1 217 19 612   0   0   0   0   0   0   2   0]
[0   0   0   5   0   0   0   0   0   0   0  11   0   0   0   0   0   1 424   0   0   0   0   0   0   5   0   0]
[0   0   0   0   0   0   0   0   4   0   0  43   0   0   0   0   0  15 2 850   0   0   0   0   0   8   0   0]
[0 0 0 0 0 0 0 0 0 0 0 0 0 0 0 0 0 2 0 2 0 0 0 0 0 0 0 0]
[0   0   0   0   0   0   0   0   0   0   0   0   0   0   0   0   0   0 0 138   0   0   0   0   0   0   0   0]
[0   0   0   0   0   0   0   0   0   0   0   0   0   0   0   0   0   0 0 179   0   0   0   0   0   0   0   0]
[0 0 0 0 0 0 0 0 0 0 0 0 0 0 0 0 1 0 1 0 0 0 0 0 0 0 0 0]
[0  0  0  0  0  0  0  0  0  0  0  0  0  0  0  0  0  0  1 53  0  0  0  0 0  0  0  0]
[0  0  0  0  0  0  0  0  6  0  0 33  0  0  0  0  0  0  7  0  0  0  0  0 0  4  0  0]
[0 0 0 0 0 0 0 0 0 0 0 0 0 0 0 0 0 0 0 0 0 0 0 0 0 0 3 0]
[0   0   0   0   0   0   0   0   0   0   0   0   0   0   0   0   0   0 0 202   0   0   0   0   0   0   0   0]
